107.132 0.109506
115.308 0.127951
124.108 0.149502
132.36 0.174684
142.461 0.204108
153.333 0.238487
165.035 0.278657
177.629 0.325594
191.185 0.380436
205.776 0.444516
221.48 0.519389
240.567 0.576187
258.919 0.655996
281.24 0.74686
305.485 0.85031
331.811 0.943296
360.397 1.01965
395.063 1.13115
406.108 1.1914
441.095 1.28783
483.486 1.32168
510.87 1.39207
559.981 1.46621
608.193 1.50475
666.643 1.5443
730.729 1.62655
793.6 1.58489
869.778 1.46621
944.589 1.39207
1035.31 1.35642
1134.75 1.32168
1243.74 1.28783
1350.72 1.22271
1480.45 1.1914
1607.79 1.13115
1762.21 1.10218
1931.42 1.04645
2097.54 0.993535
2299.06 0.993535
2519.95 0.993535
2762.05 0.993535
3027.42 0.993535
3318.2 0.968089
3636.9 0.943296
3986.22 0.919137
4329.19 0.895597
4745 0.87266
5200.74 0.85031
5700.41 0.85031
6247.92 0.828533
6848.19 0.828533
7506.14 0.828533
8227.3 0.828533
9017.74 0.828533
9884.13 0.828533
10833.8 0.828533
11874.6 0.828533
13015.5 0.828533
14266 0.828533
15636.6 0.828533
17138.9 0.828533
18785.5 0.828533
20031.4 0.828533
21955.9 0.828533
24065.4 0.828533
26377.5 0.828533
28911.7 0.828533
31689.4 0.828533
34734 0.828533
38071.1 0.828533
41728.9 0.828533
45738 0.828533
50132.3 0.828533
54948.8 0.828533
60228.1 0.828533
66014.6 0.828533
72357 0.828533
79308.7 0.828533
86928.4 0.828533
95280.1 0.828533
